13421671
19638399
20132507
20638335
22649071
26716671
26843343
27209575
29457599
33973607
35514367
39276799
40075007
44186399
47687103
53271551
53433343
56924955
58915199
60112511
63728127
64040575
64913407
71028735
71530655
79907327
81306111
87867423
93596391
95374207
95592191
96060863
96883183
97370111
106543103
107295983
115955871
119860991
120560383
121959167
122159271
127456255
127765863
127946175
128081151
129826815
131801135
132633327
135796479
136218951
140394587
140699647
142479871
142656543
143061311
143388287
144091295
145324775
146055167
151285807
151639911
159814655
160943975
162612223
165276159
167439591
169737631
172402111
173933807
179791487
180840575
181930687
182938751
183238907
185374023
191184383
191648795
191919263
192121727
193618011
193766367
194740223
195882855
198785275
203694719
206221311
206744743
207733375
211049471
213984815
214591967
215082431
216136943
217740015
217820263
217987163
219082751
219259131
226928711
231812223